-,-,-
-833, -37, 526
-880, -35, 522
-892, -42, 540
-892, -42, 540
-850, -43, 537
-840, -44, 508
-849, -25, 472
-887, -11, 491
-881, -5, 564
-829, 5, 594
-829, 5, 594
-844, 56, 591
-902, 93, 574
-900, 127, 547
-861, 139, 516
-861, 139, 516
-824, 119, 537
-773, 108, 568
-789, 103, 575
-802, 65, 648
-836, 18, 665
-813, -22, 679
-813, -22, 679
-791, 3, 589
-788, -48, 496
-800, -150, 436
-811, -230, 434
-768, -293, 482
-795, -351, 557
-,-,-
-845, 56, 540
-845, 56, 540
-933, 76, 469
-938, 162, 516
-864, 207, 540
-805, 243, 482
-763, 311, 430
-827, 374, 469
-827, 374, 469
-914, 413, 597
-973, 320, 613
-860, 237, 849
-699, 186, 810
-763, 45, 726
-775, -39, 612
-758, -140, 513
-758, -140, 513
-764, -310, 463
-735, -466, 479
-514, -580, 709
-515, -667, 656
-,-,-
-927, 177, 580
-904, 254, 568
-859, 377, 562
-839, 362, 562
-749, 394, 533
-749, 394, 533
-797, 394, 529
-809, 452, 586
-936, 297, 517
-810, 288, 771
-706, 174, 677
-722, -24, 588
-752, -154, 507
-752, -154, 507
-809, -275, 478
-750, -448, 750
-624, -630, 766
-656, -717, 737
-,-,-
-706, 234, 543
-622, 271, 527
-622, 271, 527
-967, 349, 542
-944, 401, 542
-736, 462, 548
-705, 510, 594
-720, 507, 787
-909, 312, 644
-744, 320, 927
-744, 320, 927
-672, 230, 692
-738, 48, 551
-852, -198, 461
-851, -408, 537
-641, -506, 739
-611, -753, 690
-658, -914, 581
-777, -917, 689
-,-,-
-1068, 502, 627
-935, 462, 573
-935, 462, 573
-819, 505, 586
-886, 375, 406
-798, 403, 782
-702, 398, 715
-698, 297, 680
-692, 219, 611
-782, 45, 614
-782, 45, 614
-838, -205, 690
-705, -332, 624
-541, -384, 713
-659, -556, 680
-791, -662, 717
-806, -725, 765
-,-,-
-968, 730, 688
-968, 730, 688
-923, 622, 491
-755, 574, 511
-840, 443, 434
-768, 459, 876
-698, 346, 747
-745, 178, 604
-733, 51, 525
-733, 51, 525
-761, -141, 553
-743, -339, 560
-557, -454, 720
-643, -724, 658
-751, -831, 733
-802, -916, 778
-805, -977, 701
-,-,-
-1146, 737, 553
-1008, 688, 667
-1008, 688, 667
-832, 605, 584
-816, 473, 667
-639, 427, 696
-632, 238, 613
-632, 84, 594
-576, -123, 608
-678, -375, 569
-740, -513, 519
-740, -513, 519
-610, -595, 781
-644, -846, 723
-607, -998, 833
-655, -1037, 848
-,-,-
-1027, 690, 701
-1013, 625, 608
-987, 686, 704
-1018, 678, 552
-944, 657, 444
-863, 551, 434
-640, 573, 616
-680, 389, 691
-623, 295, 743
-623, 295, 743
-611, 104, 700
-782, -181, 590
-912, -420, 405
-556, -504, 479
-439, -750, 648
-693, -996, 732
-715, -1117, 877
-795, -1175, 793
-868, -1113, 595
-,-,-
-1065, 645, 728
-1086, 720, 773
-1066, 622, 649
-932, 721, 774
-881, 604, 454
-851, 533, 547
-940, 287, 487
-662, 279, 714
-667, 104, 686
-667, 104, 686
-921, -166, 489
-814, -403, 403
-567, -559, 402
-556, -809, 528
-619, -1089, 662
-,-,-
-1087, 806, 745
-1111, 789, 686
-1001, 777, 791
-825, 518, 518
-626, 414, 325
-626, 414, 325
-615, 273, 576
-617, 95, 651
-577, -34, 661
-787, -453, 555
-706, -479, 495
-655, -559, 789
-629, -763, 727
-667, -951, 711
-696, -999, 764
-696, -999, 764
-,-,-
-898, 769, 766
-898, 769, 766
-1046, 812, 774
-1037, 752, 791
-860, 794, 758
-833, 604, 456
-767, 534, 419
-703, 337, 538
-548, 194, 697
-581, -29, 710
-581, -29, 710
-717, -232, 495
-793, -387, 421
-689, -614, 439
-601, -826, 729
-700, -1048, 758
-676, -1152, 785
-,-,-
-1011, 849, 838
-1159, 738, 831
-1159, 738, 831
-1172, 645, 672
-856, 618, 417
-607, 563, 349
-580, 360, 572
-562, 140, 821
-847, -117, 757
-942, -256, 729
-804, -508, 628
-439, -735, 656
-453, -1015, 431
-453, -1015, 431
-,-,-
-932, 800, 399
-785, 889, 699
-964, 799, 763
-1360, 532, 674
-1015, 606, 610
-669, 586, 500
-623, 406, 452
-623, 406, 452
-699, 140, 395
-775, -10, 645
-875, -252, 703
-715, -474, 865
-606, -663, 790
-701, -919, 636
-777, -1053, 523
-715, -1100, 568
-600, -1067, 732
-649, -1022, 773
-,-,-
-939, 799, 602
-797, 985, 773
-956, 734, 772
-1131, 688, 785
-1261, 710, 737
-868, 736, 512
-531, 628, 535
-531, 628, 535
-471, 384, 586
-711, 41, 557
-855, -325, 731
-826, -642, 704
-688, -862, 662
-605, -1091, 440
-,-,-
-941, 885, 673
-860, 1027, 933
-1200, 892, 778
-1459, 768, 467
-956, 783, 313
-651, 564, 287
-458, 250, 495
-564, 31, 657
-564, 31, 657
-632, -186, 878
-476, -419, 798
-643, -794, 600
-,-,-
-866, 760, 451
-866, 760, 451
-1033, 877, 549
-1204, 848, 681
-1173, 795, 728
-885, 732, 696
-636, 590, 674
-574, 406, 549
-600, 254, 665
-747, -55, 705
-747, -55, 705
-602, -255, 710
-711, -623, 496
-731, -895, 697
-736, -1261, 807
-773, -1454, 882
-,-,-
-903, 828, 574
-973, 821, 635
-1070, 869, 624
-1100, 774, 616
-944, 589, 558
-944, 589, 558
-822, 329, 514
-694, 100, 690
-495, -77, 757
-416, -409, 855
-535, -572, 898
-721, -885, 670
-836, -1245, 351
-755, -1326, 604
-,-,-
-879, 719, 350
-879, 719, 350
-829, 698, 510
-1088, 876, 897
-1184, 795, 899
-904, 649, 849
-662, 515, 663
-705, 324, 592
-741, 125, 633
-738, -232, 800
-738, -232, 800
-604, -390, 704
-556, -550, 510
-700, -811, 509
-836, -970, 518
-829, -1145, 684
-700, -1195, 836
-,-,-
-950, 657, 945
-1038, 615, 887
-1224, 574, 561
-1224, 574, 561
-942, 744, 537
-691, 834, 504
-753, 738, 382
-831, 544, 483
-747, 534, 748
-767, 335, 847
-802, 94, 610
-802, 94, 610
-726, -45, 672
-794, -301, 569
-688, -678, 492
-554, -1087, 508
-696, -1405, 605
-726, -1525, 634
-653, -1572, 607
-,-,-
-941, 938, 767
-1137, 826, 655
-1201, 682, 786
-926, 669, 482
-926, 669, 482
-743, 677, 373
-739, 698, 379
-775, 584, 388
-843, 332, 484
-709, 217, 610
-764, -13, 546
-764, -13, 546
-706, -140, 753
-726, -306, 762
-901, -631, 691
-769, -900, 566
-741, -1189, 444
-766, -1286, 426
-,-,-
-938, 643, 568
-835, 853, 544
-913, 643, 650
-913, 643, 650
-1025, 610, 806
-985, 724, 755
-806, 743, 546
-826, 651, 506
-707, 582, 547
-655, 385, 590
-787, 179, 662
-787, 179, 662
-878, -225, 464
-656, -445, 594
-613, -646, 573
-691, -951, 632
-737, -1188, 633
-892, -1288, 780
-943, -1290, 835
-897, -1204, 813
-,-,-
-838, 700, 547
-944, 769, 457
-1130, 812, 651
-1128, 824, 783
-1128, 824, 783
-1012, 824, 725
-801, 785, 617
-707, 658, 592
-630, 533, 624
-640, 411, 681
-792, 196, 563
-853, -139, 377
-593, -299, 624
-564, -653, 686
-564, -653, 686
-782, -977, 706
-829, -1125, 579
-837, -1260, 553
-861, -1266, 636
-843, -1224, 739
-,-,-
-801, 881, 523
-1070, 978, 443
-1401, 892, 888
-1072, 864, 934
-872, 826, 552
-790, 915, 352
-790, 915, 352
-713, 749, 324
-585, 404, 369
-557, 234, 722
-914, -108, 579
-757, -335, 688
-497, -579, 704
-591, -1037, 592
-690, -1279, 561
-756, -1365, 598
-852, -1348, 643
-818, -1218, 672
-,-,-
-904, 924, 736
-966, 752, 776
-968, 818, 705
-968, 818, 705
-976, 800, 340
-889, 718, 252
-605, 616, 452
-583, 185, 532
-655, -10, 620
-888, -196, 657
-746, -329, 832
-634, -598, 606
-634, -598, 606
-706, -895, 539
-781, -1100, 553
-,-,-
-924, 633, 811
-924, 812, 811
-742, 790, 610
-878, 754, 493
-1292, 404, 185
-965, 493, 574
-639, 459, 781
-507, 241, 666
-507, 241, 666
-461, 69, 706
-793, -285, 513
-797, -617, 232
-640, -951, 145
-391, -1001, 714
-585, -1308, 577
-793, -1420, 696
-850, -1359, 721
-816, -1223, 668
-,-,-
-862, 567, 454
-925, 794, 552
-985, 883, 641
-968, 964, 775
-1280, 569, 537
-876, 721, 714
-776, 680, 561
-776, 680, 561
-557, 681, 458
-800, 206, 432
-1016, -12, 534
-905, -308, 405
-578, -387, 770
-672, -856, 769
-808, -1220, 725
-827, -1362, 614
-650, -1367, 641
-513, -1308, 621
-532, -1209, 572
-,-,-
-955, 945, 746
-775, 838, 823
-1042, 890, 875
-1241, 809, 595
-830, 787, 448
-830, 787, 448
-600, 628, 212
-630, 317, 292
-626, -35, 344
-662, -236, 781
-650, -440, 881
-675, -791, 510
-668, -1052, 409
-722, -1279, 457
-683, -1406, 550
-642, -1442, 610
-679, -1314, 601
-767, -1129, 644
-,-,-
-824, 845, 614
-874, 914, 746
-1202, 827, 770
-1199, 828, 560
-920, 871, 339
-920, 871, 339
-729, 821, 286
-722, 656, 371
-549, 462, 610
-642, -53, 414
-760, -181, 517
-570, -292, 759
-715, -707, 694
-818, -965, 784
-824, -1065, 758
-824, -1065, 758
-883, -1158, 661
-745, -1163, 643
-705, -1115, 646
-,-,-
-825, 540, 501
-763, 670, 402
-986, 837, 384
-1250, 844, 318
-1035, 932, 498
-842, 801, 554
-842, 801, 554
-764, 790, 648
-651, 644, 580
-556, 510, 556
-794, 114, 354
-794, -78, 406
-658, -378, 491
-555, -649, 829
-829, -962, 773
-829, -962, 773
-944, -1076, 671
-916, -1131, 624
-835, -1067, 628
-,-,-
-1080, 985, 499
-973, 1075, 550
-814, 1039, 738
-958, 734, 532
-958, 734, 532
-1056, 573, 433
-854, 689, 594
-789, 443, 514
-628, 203, 592
-628, -109, 635
-770, -248, 698
-918, -387, 633
-898, -600, 464
-647, -742, 571
-647, -742, 571
-579, -948, 690
-,-,-
-1025, 959, 861
-1025, 959, 861
-1010, 897, 888
-1124, 640, 693
-1017, 578, 626
-877, 650, 704
-782, 512, 612
-668, 351, 589
-776, 112, 535
-857, -170, 523
-857, -170, 523
-614, -335, 445
-480, -653, 398
-639, -995, 497
-746, -1222, 600
-801, -1346, 631
-776, -1356, 674
-,-,-
-1097, 892, 286
-1036, 988, 444
-1025, 887, 555
-917, 771, 631
-1021, 567, 567
-930, 481, 498
-930, 481, 498
-814, 384, 373
-757, 167, 433
-574, -4, 587
-702, -491, 482
-659, -565, 693
-824, -830, 704
-794, -966, 701
-760, -1036, 744
-777, -1079, 826
-,-,-
-1331, 717, 641
-1188, 701, 452
-983, 818, 351
-950, 726, 368
-820, 541, 390
-820, 541, 390
-763, 463, 463
-820, 345, 656
-773, 224, 768
-768, 127, 830
-755, -129, 668
-693, -342, 636
-729, -634, 552
-602, -852, 574
-602, -852, 574
-590, -1149, 462
-586, -1284, 582
-,-,-
-1036, 505, 320
-909, 718, 402
-1073, 848, 524
-1367, 890, 640
-1271, 824, 565
-1023, 744, 415
-851, 652, 425
-745, 493, 550
-658, 183, 569
-658, 183, 569
-608, -24, 569
-646, -332, 453
-713, -616, 579
-865, -980, 653
-773, -1263, 786
-687, -1405, 766
-736, -1402, 678
-,-,-
-817, 716, 652
-817, 716, 652
-845, 773, 637
-1141, 753, 568
-1154, 779, 506
-868, 736, 400
-754, 515, 383
-713, 185, 497
-589, -7, 509
-589, -7, 509
-993, -409, 437
-958, -551, 571
-905, -839, 609
-939, -967, 627
-944, -965, 649
-,-,-
-881, 595, 634
-977, 676, 557
-1047, 673, 443
-1137, 737, 377
-929, 780, 485
-834, 638, 495
-911, 312, 506
-911, 312, 506
-779, 145, 589
-676, -147, 319
-724, -345, 367
-995, -625, 456
-956, -989, 472
-789, -1129, 466
-810, -1236, 466
-878, -1177, 527
-,-,-
-974, 385, 358
-974, 385, 358
-1006, 631, 312
-1207, 796, 327
-1180, 794, 514
-1014, 673, 588
-899, 540, 586
-755, 396, 617
-838, 113, 463
-782, -123, 402
-680, -337, 430
-680, -337, 430
-652, -613, 616
-705, -961, 590
-601, -1167, 544
-560, -1226, 639
-724, -1305, 664
-,-,-
-903, 557, 444
-781, 841, 532
-568, 999, 574
-1230, 958, 450
-1230, 1105, 541
-937, 985, 504
-747, 715, 533
-522, 504, 770
-763, 72, 719
-763, 72, 719
-860, -286, 528
-663, -714, 435
-647, -1033, 712
-634, -1395, 1034
-660, -1669, 867
-559, -1624, 914
-643, -1546, 771
-,-,-
-946, 600, 443
-891, 942, 620
-1022, 1097, 497
-1417, 1083, 425
-1002, 1085, 488
-646, 925, 560
-667, 621, 639
-581, 320, 606
-584, -127, 578
-593, -419, 798
-593, -419, 798
-806, -820, 799
-799, -1028, 758
-722, -1213, 753
-705, -1279, 818
-778, -1332, 782
-,-,-
-859, 596, 580
-953, 694, 405
-937, 896, 450
-937, 896, 450
-952, 927, 503
-937, 826, 547
-857, 712, 658
-782, 494, 713
-718, 236, 844
-779, -57, 564
-794, -210, 506
-629, -543, 597
-629, -543, 597
-698, -990, 697
-728, -1339, 786
-667, -1444, 880
-824, -1455, 889
-867, -1350, 739
-,-,-
-939, 826, 501
-939, 826, 501
-847, 983, 555
-859, 849, 537
-874, 717, 679
-908, 610, 848
-819, 447, 820
-732, 221, 616
-500, -13, 530
-500, -13, 530
-369, -269, 585
-696, -735, 731
-905, -1132, 815
-882, -1425, 739
-754, -1571, 834
-754, -1542, 981
-,-,-
-770, 825, 565
-645, 978, 579
-973, 871, 501
-1022, 692, 621
-761, 659, 759
-761, 659, 759
-731, 555, 891
-677, 163, 657
-535, -90, 563
-546, -383, 580
-608, -815, 694
-736, -1267, 814
-661, -1580, 846
-609, -1671, 989
-,-,-
-818, 654, 597
-813, 875, 453
-754, 1071, 600
-604, 1116, 660
-646, 932, 654
-646, 932, 654
-920, 654, 788
-751, 412, 798
-784, -6, 716
-769, -274, 700
-648, -612, 770
-555, -940, 861
-627, -1172, 897
-827, -1373, 970
-605, -1221, 1163
-624, -1274, 867
-627, -1234, 663
-,-,-
-795, 540, 599
-715, 824, 631
-919, 953, 638
-1043, 953, 684
-1043, 1044, 684
-745, 970, 724
-563, 748, 757
-542, 534, 891
-748, 173, 756
-854, -84, 778
-795, -427, 668
-406, -725, 657
-466, -1132, 690
-704, -1504, 868
-797, -1665, 924
-633, -1471, 1006
-,-,-
-933, 629, 719
-933, 629, 719
-846, 694, 624
-902, 763, 515
-939, 822, 603
-883, 795, 667
-852, 465, 674
-484, 338, 857
-484, 338, 857
-471, 76, 892
-734, -189, 869
-749, -421, 721
-542, -662, 718
-479, -1022, 780
-744, -1553, 706
-421, -1453, 1187
-719, -1936, 1102
-403, -1469, 534
-503, -1258, 178
-,-,-
-939, 708, 547
-739, 813, 442
-914, 739, 400
-1055, 658, 444
-1055, 658, 444
-929, 504, 508
-632, 342, 606
-394, 138, 777
-575, -274, 795
-813, -529, 896
-766, -736, 883
-593, -941, 755
-510, -1058, 743
-646, -1079, 824
-,-,-
-945, 705, 523
-741, 790, 394
-986, 687, 454
-986, 687, 454
-990, 627, 562
-896, 382, 608
-692, 286, 738
-676, -18, 720
-570, -115, 791
-681, -353, 746
-729, -610, 733
-678, -824, 809
-645, -1033, 838
-645, -1033, 838
-,-,-
-999, 707, 553
-1092, 867, 605
-999, 953, 482
-1054, 841, 421
-1017, 651, 440
-800, 501, 556
-520, 491, 750
-644, 59, 671
-644, 59, 671
-677, -95, 733
-749, -424, 644
-822, -758, 708
-720, -1009, 848
-608, -1186, 856
-655, -1231, 824
-,-,-
-897, 629, 488
-1057, 699, 440
-1114, 732, 470
-1155, 748, 495
-868, 786, 506
-811, 651, 485
-725, 488, 528
-725, 488, 528
-691, 339, 600
-650, 166, 656
-714, -158, 537
-661, -301, 605
-721, -545, 614
-823, -768, 687
-821, -916, 787
-785, -1077, 868
-825, -1197, 872
-774, -1150, 796
-828, -1017, 649
-,-,-
-781, 904, 589
-826, 964, 322
-1036, 725, 192
-1135, 563, 440
-1003, 455, 661
-1003, 455, 661
-680, 350, 819
-566, -63, 624
-488, -217, 754
-743, -533, 788
-876, -757, 776
-798, -929, 804
-771, -1018, 813
-851, -1109, 752
-,-,-
-891, 758, 661
-775, 802, 570
-775, 802, 570
-987, 688, 578
-1048, 577, 476
-787, 536, 447
-721, 459, 496
-655, 286, 657
-660, 15, 722
-763, -188, 731
-763, -188, 731
-799, -324, 723
-770, -505, 732
-733, -750, 797
-706, -944, 841
-805, -1058, 884
-847, -1073, 901
-,-,-
-952, 703, 569
-953, 861, 579
-992, 810, 462
-1043, 666, 429
-884, 509, 444
-734, 377, 584
-763, 275, 685
-763, 275, 685
-759, 133, 632
-749, -100, 479
-663, -235, 564
-595, -332, 597
-750, -536, 669
-889, -752, 706
-782, -867, 759
-696, -863, 737
-701, -817, 699
-708, -791, 607
-,-,-
-832, 888, 523
-1126, 944, 339
-1230, 815, 289
-1011, 723, 345
-1011, 723, 345
-859, 788, 604
-705, 675, 670
-742, 368, 576
-728, 62, 563
-537, -200, 581
-584, -614, 608
-702, -1020, 633
-692, -1243, 733
-687, -1397, 845
-672, -1430, 934
-673, -1328, 937
-,-,-
-973, 807, 637
-964, 957, 636
-1151, 817, 524
-1117, 749, 532
-894, 729, 522
-894, 729, 522
-643, 551, 452
-577, 216, 490
-502, 59, 695
-646, -209, 697
-728, -483, 706
-606, -711, 703
-607, -999, 661
-461, -1183, 729
-461, -1183, 755
-536, -1346, 755
-,-,-
-988, 622, 466
-971, 811, 443
-926, 877, 403
-1009, 887, 567
-958, 783, 700
-860, 549, 863
-860, 549, 863
-747, 358, 805
-654, 376, 787
-680, 246, 688
-591, 25, 526
-715, -319, 530
-650, -646, 628
-631, -996, 697
-589, -1229, 726
-571, -1369, 726
-571, -1369, 726
-573, -1391, 735
-569, -1293, 707
-,-,-
-963, 633, 786
-696, 579, 568
-811, 617, 584
-811, 617, 584
-912, 672, 550
-884, 644, 551
-838, 607, 510
-697, 573, 530
-743, 359, 553
-763, 136, 594
-741, -7, 619
-741, -7, 619
-699, -146, 676
-610, -431, 525
-467, -612, 510
-398, -777, 512
-465, -1007, 596
-610, -1436, 924
-604, -1945, 1404
-146, -1094, 482
-470, -1150, 476
-,-,-
-921, 788, 456
-611, 923, 442
-926, 742, 271
-1199, 837, 364
-1149, 912, 559
-970, 941, 715
-826, 867, 687
-826, 867, 687
-741, 742, 523
-756, 696, 470
-764, 613, 466
-757, 461, 469
-641, 355, 558
-610, 188, 604
-737, 19, 689
-737, 19, 689
-945, -268, 771
-977, -493, 863
-838, -597, 910
-581, -644, 738
-742, -645, 541
-875, -592, 586
-,-,-
-891, 912, 661
-966, 927, 545
-966, 927, 545
-1119, 771, 430
-923, 701, 363
-850, 585, 336
-745, 568, 514
-677, 439, 627
-976, 0, 1000
-830, -55, 807
-830, -55, 807
-622, 49, 376
-788, -237, 312
-863, -595, 516
-702, -846, 717
-649, -1014, 787
-644, -1060, 788
-723, -1041, 719
-,-,-
-987, 828, 653
-987, 828, 653
-1044, 786, 456
-985, 767, 389
-710, 737, 366
-603, 625, 440
-895, 296, 527
-940, 198, 752
-829, 52, 770
-829, 52, 770
-633, -79, 774
-568, -296, 662
-680, -514, 608
-820, -742, 682
-873, -948, 682
-817, -1098, 684
-684, -1136, 640
-663, -1109, 660
-,-,-
-1019, 748, 648
-798, 981, 648
-946, 1025, 487
-1266, 1063, 430
-960, 1011, 498
-600, 623, 387
-522, 310, 540
-553, 47, 736
-645, -306, 745
-655, -689, 662
-655, -689, 662
-623, -982, 592
-667, -1177, 654
-,-,-
-950, 696, 521
-970, 832, 587
-1058, 779, 526
-934, 809, 483
-828, 828, 438
-786, 686, 301
-797, 513, 353
-735, 371, 523
-735, 371, 523
-678, 124, 703
-632, -181, 790
-803, -450, 834
-934, -829, 828
-826, -1189, 833
-762, -1326, 956
-834, -1359, 951
-,-,-
-932, 920, 607
-984, 1245, 330
-1179, 1274, 300
-1174, 1204, 327
-1038, 1129, 372
-811, 568, 385
-362, 119, 668
-362, 119, 668
-379, -494, 742
-460, -973, 931
-584, -1328, 997
-701, -1581, 942
-840, -1637, 937
-,-,-
-881, 731, 590
-892, 1033, 503
-1298, 1133, 252
-1281, 1243, 190
-956, 1149, 193
-640, 781, 270
-486, 396, 601
-486, 396, 601
-577, -28, 907
-514, -433, 956
-412, -789, 882
-603, -1116, 927
-884, -1399, 1009
-1022, -1508, 969
-,-,-
-984, 1250, 417
-984, 1250, 417
-962, 1241, 323
-1080, 1052, 357
-1078, 772, 366
-909, 601, 505
-626, 555, 639
-567, 180, 585
-646, -206, 643
-790, -464, 921
-860, -744, 1047
-717, -1053, 969
-640, -1267, 866
-723, -1354, 960
-824, -1374, 955
-812, -1276, 824
-,-,-
-956, 917, 472
-1158, 1132, 453
-1291, 1200, 276
-923, 1196, 365
-857, 926, 407
-816, 645, 549
-559, 289, 586
-312, -114, 599
-306, -538, 790
-306, -538, 790
-557, -1062, 928
-754, -1484, 966
-,-,-
-716, 1092, 662
-716, 1092, 662
-1161, 1016, 354
-1599, 957, 45
-1065, 1158, -20
-576, 985, 39
-523, 553, 405
-535, 36, 873
-704, -426, 1102
-622, -745, 1006
-667, -961, 976
-783, -1179, 1021
-834, -1305, 1085
-874, -1294, 1041
-,-,-
-1059, 921, 518
-1031, 1079, 405
-888, 1084, 103
-1264, 1220, 64
-1357, 1182, 168
-705, 958, 323
-366, 373, 536
-525, -183, 903
-709, -575, 1148
-668, -989, 1049
-608, -1339, 1012
-861, -1469, 1014
-1094, -1334, 1238
-,-,-
-925, 1267, 463
-993, 1309, 190
-993, 1309, 190
-1377, 1134, 146
-1134, 968, 149
-629, 719, 478
-421, 263, 814
-474, -285, 964
-787, -777, 1072
-843, -1153, 1070
-734, -1346, 1027
-819, -1467, 933
-886, -1380, 900
-,-,-
-1123, 927, 263
-1014, 1160, 483
-891, 1221, 407
-1232, 995, 227
-1249, 832, 290
-691, 633, 406
-468, 181, 506
-556, -129, 678
-607, -335, 830
-649, -656, 899
-649, -656, 899
-739, -982, 949
-1051, -1040, 1014
-1162, -985, 1146
-985, -1020, 991
-,-,-
-951, 906, 451
-798, 1193, 422
-1125, 1216, 218
-1314, 1087, -77
-976, 871, -34
-651, 529, 229
-513, 145, 700
-632, -315, 1067
-684, -682, 1173
-634, -955, 1161
-830, -1110, 1126
-1117, -1183, 1041
-,-,-
-834, 1273, 431
-1006, 1357, 425
-1365, 1144, 233
-1095, 951, 130
-707, 809, 228
-707, 809, 228
-547, 675, 515
-490, 282, 768
-661, -165, 950
-741, -547, 1008
-765, -876, 1036
-731, -1188, 979
-791, -1405, 987
-821, -1404, 1222
-,-,-
-1039, 894, 216
-999, 1072, 297
-824, 1191, 257
-1339, 1036, 135
-1345, 832, 213
-734, 638, 358
-498, 303, 610
-528, -127, 953
-650, -549, 1121
-635, -954, 1070
-599, -1167, 990
-810, -1267, 992
-1079, -1214, 1115
-,-,-
-1042, 1039, 291
-906, 1228, 260
-1080, 1132, 305
-1240, 925, 297
-977, 788, 395
-977, 788, 395
-755, 564, 481
-658, 242, 481
-527, -95, 697
-567, -418, 899
-699, -782, 1038
-734, -1044, 1020
-757, -1110, 936
-894, -1154, 889
-,-,-
-1116, 940, 283
-1142, 1144, 211
-953, 1298, 130
-1137, 1199, 93
-1130, 1035, 196
-765, 865, 409
-645, 513, 526
-677, 170, 712
-795, -134, 793
-810, -471, 849
-762, -804, 1068
-805, -1169, 1211
-892, -1432, 1232
-791, -1398, 1236
-,-,-
-1137, 869, 244
-997, 1152, 364
-945, 1261, 245
-1159, 1163, 64
-1106, 1096, 107
-844, 907, 260
-622, 604, 452
-510, 239, 660
-665, -18, 857
-665, -18, 857
-791, -335, 897
-730, -664, 895
-741, -932, 928
-859, -1098, 1016
-,-,-
-876, 903, 424
-1065, 1102, 313
-1382, 1105, 181
-1123, 1128, 285
-818, 902, 398
-826, 539, 485
-852, 222, 726
-852, 222, 726
-796, -45, 775
-606, -316, 770
-703, -655, 815
-820, -980, 817
-743, -1163, 866
-,-,-
-813, 1122, 501
-1070, 1222, 239
-1419, 1082, 229
-1159, 911, 266
-1159, 911, 266
-772, 698, 350
-506, 420, 485
-472, 48, 560
-593, -255, 764
-799, -600, 777
-747, -931, 752
-716, -1101, 805
-,-,-
-982, 1186, 641
-815, 1412, 347
-1050, 1298, 54
-942, 1176, -22
-658, 979, 233
-661, 435, 707
-708, -278, 1184
-708, -278, 1184
-572, -852, 1528
-271, -797, 879
-775, -1025, 479
-1144, -1391, 622
-,-,-
-681, 833, 285
-897, 1133, 301
-1176, 1297, 99
-1189, 1331, 43
-1165, 1156, 149
-921, 855, 482
-666, 491, 712
-417, -5, 760
-407, -462, 857
-587, -821, 935
-587, -821, 935
-737, -1112, 983
-947, -1361, 1013
-,-,-
-868, 998, 243
-1058, 1121, 151
-1013, 1308, 180
-1166, 1234, 141
-1196, 948, 102
-841, 726, 286
-527, 334, 517
-506, -169, 787
-555, -476, 964
-686, -762, 871
-647, -1113, 753
-647, -1356, 769
-,-,-
-1034, 1003, 451
-1210, 1292, 611
-1211, 1254, 338
-1042, 1016, 92
-970, 672, 112
-730, 362, 392
-525, 1, 751
-525, 1, 751
-514, -341, 831
-503, -645, 806
-609, -1024, 777
-729, -1296, 772
-897, -1371, 892
-971, -1375, 890
-,-,-
-754, 1214, 718
-754, 1214, 718
-1083, 1103, 477
-1210, 970, 360
-1115, 758, 201
-704, 486, 199
-510, 107, 452
-651, -355, 720
-746, -689, 870
-847, -1035, 850
-747, -1275, 802
-,-,-
-774, 1083, 662
-994, 1023, 488
-1256, 823, 325
-964, 716, 257
-581, 562, 228
-635, 266, 408
-635, 266, 408
-683, -129, 562
-755, -484, 823
-794, -837, 977
-701, -1089, 977
-647, -1202, 963
-799, -1259, 932
-962, -1227, 888
-,-,-
-1198, 838, 403
-926, 1078, 678
-885, 1114, 607
-1025, 899, 288
-1029, 723, 149
-876, 606, 368
-589, 267, 603
-503, -250, 565
-585, -547, 725
-707, -880, 848
-816, -1273, 932
-816, -1273, 932
-813, -1437, 951
-788, -1351, 950
-,-,-
-841, 1038, 517
-818, 1061, 523
-1021, 938, 444
-895, 778, 383
-676, 554, 274
-717, 226, 433
-717, 226, 433
-673, -129, 578
-627, -425, 846
-639, -800, 962
-803, -1119, 1009
-913, -1288, 984
-1059, -1297, 935
-,-,-
-1029, 931, 507
-900, 1005, 519
-896, 949, 450
-968, 772, 303
-893, 534, 225
-742, 291, 328
-678, 28, 508
-678, 28, 508
-574, -280, 728
-651, -543, 876
-807, -812, 896
-816, -960, 875
-832, -1018, 803
-788, -1001, 731
-,-,-
-858, 930, 433
-542, 1128, 732
-920, 1049, 518
-1299, 840, 269
-906, 836, 298
-526, 660, 295
-533, 274, 366
-545, -59, 567
-630, -470, 777
-630, -470, 777
-729, -978, 823
-803, -1231, 837
-960, -1327, 881
-1173, -1274, 1048
-,-,-
-1249, 891, 513
-1080, 1144, 482
-754, 1247, 294
-862, 1093, 54
-1000, 874, 162
-758, 634, 405
-620, 214, 636
-669, -124, 788
-474, -323, 770
-764, -744, 721
-1063, -1290, 700
-829, -1481, 818
-709, -1409, 1199
-,-,-
-869, 1011, 702
-869, 1011, 702
-883, 1052, 439
-1097, 956, 375
-1271, 846, 301
-890, 791, 344
-526, 562, 343
-396, 190, 433
-734, -194, 693
-825, -653, 821
-713, -1054, 834
-720, -1330, 922
-856, -1493, 978
-932, -1481, 989
-908, -1362, 888
-,-,-
-1082, 1323, 676
-1109, 1225, 202
-1162, 907, 132
-1132, 574, 190
-1132, 574, 190
-591, 287, 539
-272, -150, 734
-554, -537, 849
-826, -939, 925
-739, -1270, 759
-571, -1385, 717
-,-,-
-1059, 904, 584
-902, 1030, 635
-890, 964, 416
-1068, 707, 213
-995, 534, 208
-682, 431, 368
-673, 191, 530
-776, -175, 601
-819, -436, 664
-800, -557, 707
-800, -557, 707
-849, -725, 707
-901, -942, 696
-966, -1109, 739
-,-,-
-969, 954, 485
-1055, 990, 389
-1036, 911, 296
-896, 662, 333
-739, 313, 502
-614, -54, 830
-614, -54, 830
-567, -368, 828
-645, -692, 731
-751, -1047, 664
-,-,-
-796, 642, 708
-721, 764, 641
-1143, 780, 415
-1363, 770, 261
-940, 728, 228
-792, 642, 259
-693, 495, 350
-654, 132, 471
-654, 132, 471
-699, -310, 695
-646, -637, 892
-785, -857, 954
-1062, -1030, 887
-1024, -1121, 739
-855, -1120, 658
-,-,-
-1034, 979, 502
-964, 1131, 332
-1043, 1097, 171
-1062, 896, 22
-814, 680, 219
-678, 371, 542
-580, -21, 777
-645, -293, 939
-810, -471, 809
-759, -655, 695
-718, -864, 658
-718, -864, 658
-719, -1041, 695
-,-,-
-1241, 748, 641
-1009, 887, 539
-1010, 969, 519
-1010, 969, 519
-990, 970, 313
-887, 887, 167
-768, 797, 294
-637, 587, 501
-566, 154, 690
-612, -337, 888
-654, -641, 941
-716, -957, 905
-716, -957, 905
-683, -1261, 821
-790, -1450, 798
-,-,-
-1060, 723, 521
-957, 941, 457
-936, 1029, 385
-936, 1029, 385
-1030, 1029, 343
-967, 875, 276
-769, 702, 314
-763, 413, 475
-716, 122, 598
-559, -165, 699
-602, -489, 817
-732, -841, 887
-691, -1095, 931
-662, -1275, 963
-792, -1291, 1024
-963, -1219, 1085
-,-,-
-938, 998, 515
-938, 998, 515
-802, 1083, 466
-920, 989, 301
-971, 871, 229
-949, 565, 185
-687, 394, 585
-630, 19, 663
-630, 19, 663
-523, -301, 750
-752, -663, 880
-895, -1064, 943
-813, -1313, 983
-871, -1398, 956
-989, -1308, 886
-,-,-
-814, 888, 602
-806, 1116, 462
-969, 1029, 204
-1015, 834, 0
-910, 669, 326
-895, 233, 393
-895, 233, 393
-650, 103, 808
-559, -200, 892
-600, -492, 980
-839, -850, 903
-860, -1033, 910
-814, -1147, 944
-904, -1227, 920
-992, -1190, 874
-,-,-
-925, 954, 577
-925, 954, 577
-1047, 892, 446
-971, 927, 439
-855, 835, 302
-765, 645, 272
-701, 398, 397
-695, 137, 587
-655, -157, 681
-614, -474, 760
-614, -474, 760
-744, -810, 881
-933, -1104, 983
-984, -1216, 956
-832, -1177, 942
-,-,-
-1006, 1010, 583
-909, 1313, 723
-1055, 1283, 373
-982, 1110, 209
-650, 901, 255
-718, 483, 336
-435, 190, 687
-494, -314, 690
-682, -634, 846
-962, -634, 784
-962, -928, 784
-927, -1128, 776
-881, -1242, 777
-964, -1227, 836
-,-,-
-939, 712, 544
-1217, 1106, 620
-1470, 1074, 665
-1132, 918, 929
-826, 755, 816
-476, 320, 503
-476, 320, 503
-369, -147, 255
-359, -468, 551
-489, -953, 837
-360, -1261, 870
-301, -1395, 729
-,-,-
-1078, 950, 858
-1078, 950, 858
-957, 907, 963
-682, 852, 748
-493, 587, 626
-717, 420, 476
-757, 240, 611
-652, -33, 738
-501, -309, 532
-392, -750, 197
-392, -750, 197
-410, -1157, 228
-320, -1348, 415
-,-,-
-925, 653, 668
-1183, 814, 605
-1156, 871, 641
-956, 871, 807
-857, 728, 889
-857, 728, 889
-512, 582, 735
-601, 233, 658
-668, 57, 781
-635, -183, 666
-389, -488, 724
-418, -818, 950
-360, -1214, 1018
-258, -1301, 841
-452, -1465, 970
-,-,-
-1038, 757, 367
-1013, 949, 651
-1059, 1067, 796
-1018, 1058, 843
-1056, 851, 908
-842, 627, 691
-512, 480, 572
-505, 179, 491
-505, 179, 491
-741, -198, 518
-558, -511, 668
-434, -983, 774
-511, -1319, 979
-,-,-
-922, 1027, 766
-702, 1037, 493
-1002, 861, 686
-927, 762, 688
-478, 508, 428
-478, 508, 428
-452, 77, 496
-475, -160, 632
-475, -383, 924
-456, -659, 1078
-393, -1006, 860
-437, -1328, 643
-,-,-
-948, 785, 525
-903, 859, 488
-960, 936, 601
-1179, 756, 652
-993, 615, 483
-993, 615, 483
-706, 558, 381
-633, 321, 397
-607, 3, 441
-676, -302, 631
-618, -480, 828
-665, -765, 1005
-650, -988, 982
-503, -1182, 888
-,-,-
-783, 914, 555
-1033, 897, 414
-1351, 759, 623
-1127, 759, 650
-711, 669, 501
-617, 522, 427
-642, 177, 465
-642, 177, 465
-625, -157, 542
-572, -377, 572
-609, -729, 705
-637, -996, 798
-,-,-
-1132, 825, 484
-974, 798, 612
-974, 798, 612
-772, 667, 638
-854, 361, 636
-747, 299, 496
-827, 129, 406
-881, -220, 338
-559, -604, 395
-384, -985, 670
-611, -1276, 920
-673, -1372, 1048
-539, -1342, 894
-648, -1336, 742
-,-,-
-958, 1036, 558
-1028, 997, 481
-1061, 911, 414
-1061, 911, 414
-914, 719, 297
-709, 489, 280
-716, 250, 431
-697, -38, 626
-728, -373, 773
-764, -748, 881
-648, -1020, 929
-675, -1273, 906
-666, -1309, 934
-,-,-
-1071, 867, 368
-1038, 1116, 564
-885, 1199, 550
-1011, 1008, 691
-832, 835, 703
-708, 585, 572
-672, 308, 554
-548, 13, 503
-548, 13, 503
-608, -364, 541
-727, -787, 708
-893, -1240, 821
-878, -1488, 885
-,-,-
-981, 990, 524
-987, 977, 472
-874, 871, 447
-874, 871, 447
-925, 702, 453
-907, 472, 591
-697, 223, 559
-588, -74, 374
-572, -449, 376
-726, -1020, 560
-859, -1425, 693
-883, -1544, 665
-,-,-
-841, 951, 461
-841, 951, 461
-1002, 859, 231
-1472, 621, 90
-1234, 858, 252
-938, 852, 484
-548, 555, 570
-467, 75, 693
-769, -337, 841
-769, -337, 841
-852, -737, 865
-810, -1214, 819
-796, -1496, 741
-744, -1569, 777
-,-,-
-751, 471, 457
-701, 852, 182
-1132, 1008, 174
-1252, 953, 332
-1061, 871, 600
-1061, 871, 600
-686, 770, 604
-629, 563, 473
-935, 220, 302
-882, -33, 338
-606, -411, 552
-696, -881, 767
-893, -1178, 848
-921, -1424, 960
-828, -1592, 930
-845, -1581, 852
-,-,-
-881, 560, 413
-918, 923, 328
-907, 1114, 286
-1195, 1073, 248
-1189, 750, 313
-602, 723, 537
-476, 560, 635
-794, 309, 590
-794, 309, 590
-920, -106, 620
-706, -413, 795
-702, -899, 653
-780, -1270, 573
-779, -1481, 770
-745, -1571, 889
-775, -1441, 875
-,-,-
-840, 552, 383
-806, 803, 416
-1101, 1030, 538
-1331, 1184, 481
-739, 1041, 376
-742, 677, 304
-707, 512, 589
-707, 512, 757
-689, 241, 757
-766, -69, 756
-556, -303, 605
-650, -581, 560
-797, -977, 591
-736, -1229, 690
-741, -1290, 794
-,-,-
-1217, 908, 426
-1036, 1244, 732
-771, 1102, 544
-911, 768, 446
-1141, 640, 397
-955, 605, 441
-560, 340, 383
-560, 340, 383
-488, -123, 380
-476, -554, 484
-609, -928, 678
-803, -1252, 859
-717, -1395, 857
-,-,-
-1146, 1171, 514
-864, 1355, 501
-933, 1098, 421
-933, 1098, 421
-1120, 824, 497
-1056, 742, 436
-717, 647, 405
-621, 287, 400
-523, -158, 425
-606, -567, 685
-856, -968, 964
-879, -1340, 978
-763, -1505, 928
-797, -1485, 913
-,-,-
-979, 892, 708
-859, 1172, 600
-1051, 1109, 414
-1222, 930, 340
-866, 914, 351
-866, 914, 351
-774, 617, 374
-663, 343, 538
-607, -13, 738
-601, -382, 769
-718, -821, 775
-774, -1148, 803
-827, -1373, 877
-985, -1564, 850
-1010, -1483, 909
-,-,-
-816, 959, 558
-909, 1275, 592
-1043, 1232, 404
-1054, 1099, 244
-1017, 866, 296
-854, 578, 417
-671, 373, 578
-657, -27, 699
-752, -449, 847
-869, -920, 1005
-951, -1333, 1128
-876, -1575, 1187
-836, -1625, 1177
-716, -1459, 1000
-,-,-
-915, 967, 523
-818, 1325, 266
-1081, 1228, 105
-1358, 930, 126
-989, 852, 334
-989, 852, 334
-767, 628, 683
-484, 415, 705
-515, -60, 590
-736, -454, 668
-782, -873, 877
-892, -1314, 1088
-878, -1553, 1051
-,-,-
-813, 1166, 614
-678, 1279, 535
-995, 1053, 390
-1235, 795, 205
-760, 652, 268
-583, 415, 516
-663, -78, 681
-663, -78, 681
-835, -514, 853
-949, -887, 976
-837, -1144, 973
-774, -1367, 996
-805, -1419, 1058
-,-,-
-840, 771, 546
-918, 1055, 647
-995, 1059, 637
-1176, 778, 450
-892, 715, 268
-742, 761, 357
-907, 525, 590
-721, 281, 705
-537, 17, 726
-537, 17, 726
-574, -324, 713
-697, -676, 823
-746, -1088, 933
-798, -1367, 1071
-797, -1403, 1118
-747, -1352, 1043
-787, -1203, 844
-,-,-
-914, 812, 651
-1039, 1097, 659
-1090, 1052, 381
-1030, 793, 163
-878, 652, 174
-863, 517, 363
-816, 316, 676
-703, -27, 603
-703, -27, 603
-658, -397, 597
-645, -779, 761
-717, -1171, 903
-787, -1499, 917
-874, -1552, 953
-903, -1430, 889
-,-,-
-944, 1026, 563
-689, 1240, 507
-1179, 926, 200
-1474, 609, 154
-876, 609, 248
-762, 460, 466
-731, 252, 534
-731, 252, 534
-759, 69, 497
-739, -122, 486
-690, -434, 518
-723, -798, 638
-860, -1011, 774
-933, -1156, 824
-805, -1224, 786
-,-,-
-1012, 856, 308
-772, 1135, 324
-987, 1032, 303
-1188, 842, 491
-1059, 689, 464
-820, 516, 393
-646, 447, 359
-692, 215, 413
-692, 215, 413
-749, -47, 432
-724, -307, 471
-803, -635, 640
-909, -984, 729
-883, -1276, 800
-924, -1375, 823
-,-,-
-1123, 858, 488
-1004, 1021, 527
-790, 1040, 316
-1038, 866, 192
-1109, 788, 101
-866, 799, 163
-654, 622, 370
-674, 249, 592
-674, 249, 592
-652, -179, 758
-763, -544, 787
-828, -1032, 848
-831, -1461, 834
-907, -1691, 941
-1003, -1717, 1053
-845, -1608, 935
-,-,-
-1174, 874, 621
-1169, 1070, 593
-1161, 1014, 530
-1080, 740, 423
-1056, 548, 443
-824, 496, 468
-651, 336, 419
-651, 336, 419
-599, 102, 407
-617, -261, 434
-756, -567, 688
-837, -807, 860
-944, -1095, 839
-924, -1289, 724
-850, -1351, 711
-864, -1296, 631
-960, -1202, 546
-,-,-
-874, 877, 850
-844, 871, 617
-979, 877, 204
-979, 877, 204
-879, 819, -8
-900, 598, -1
-813, 509, 367
-707, 228, 649
-821, -78, 711
-913, -303, 734
-925, -578, 761
-925, -578, 761
-968, -963, 732
-1028, -1297, 819
-990, -1466, 913
-926, -1449, 866
-,-,-
-832, 914, 463
-910, 996, 531
-982, 878, 360
-1293, 704, 59
-1039, 661, -32
-586, 647, 132
-586, 647, 132
-511, 446, 292
-650, 171, 455
-907, -50, 671
-1011, -347, 834
-994, -626, 916
-899, -851, 926
-937, -944, 1019
-1101, -1000, 1038
-1186, -1034, 905
-,-,-
-910, 924, 491
-948, 988, 386
-1019, 842, 327
-1019, 842, 327
-1353, 559, 124
-1090, 554, 97
-761, 597, 263
-526, 463, 332
-504, 202, 340
-801, -71, 551
-1037, -387, 803
-1154, -574, 876
-1064, -774, 795
-969, -882, 751
-998, -1025, 712
-998, -1025, 673
-996, -1015, 673
-,-,-
-973, 1112, 483
-942, 1213, 558
-1051, 966, 279
-1262, 692, -72
-1136, 543, -37
-951, 360, 208
-689, 39, 499
-544, -341, 697
-612, -508, 967
-887, -797, 992
-805, -849, 756
-805, -849, 756
-697, -856, 503
-777, -975, 453
-,-,-
-808, 1105, 194
-1161, 1224, 155
-1285, 1168, 308
-1194, 892, 214
-1061, 735, 220
-779, 701, 303
-625, 476, 346
-625, 476, 346
-638, 139, 391
-801, -142, 566
-954, -331, 789
-1090, -634, 911
-983, -866, 937
-824, -984, 880
-760, -1088, 848
-818, -1137, 706
-831, -1067, 494
-,-,-
-754, 1083, 516
-773, 1210, 136
-1270, 985, 207
-1270, 985, 207
-1182, 867, 183
-847, 704, 74
-673, 490, 215
-539, 94, 421
-665, -315, 590
-932, -482, 871
-895, -586, 948
-832, -759, 840
-999, -862, 834
-999, -862, 834
-1020, -869, 834
-1023, -906, 732
-1020, -909, 626
-,-,-
-847, 817, 436
-900, 861, 493
-1245, 876, 613
-1126, 879, 560
-741, 715, 135
-763, 592, 11
-753, 542, 231
-753, 542, 231
-760, 418, 477
-759, 195, 503
-742, -42, 561
-851, -290, 663
-896, -561, 723
-882, -808, 765
-1035, -988, 839
-1182, -1092, 850
-1076, -1039, 817
-887, -957, 686
-,-,-
-922, 1014, 461
-1005, 965, 280
-877, 846, 284
-877, 846, 284
-773, 687, 11
-841, 534, 75
-792, 346, 273
-789, 44, 414
-816, -237, 594
-816, -237, 796
-818, -492, 796
-953, -806, 831
-1036, -1058, 857
-1117, -1157, 908
-1174, -1265, 878
-,-,-
-931, 974, 600
-790, 974, 489
-1050, 859, 365
-1227, 721, 227
-1227, 721, 227
-924, 551, 72
-592, 295, 33
-744, 23, 255
-857, -257, 548
-898, -528, 815
-920, -740, 940
-831, -840, 923
-799, -985, 859
-799, -985, 859
-826, -1023, 779
-,-,-
-1010, 785, 540
-924, 875, 379
-1053, 837, 168
-1248, 683, 106
-1092, 573, 130
-719, 458, 166
-598, 258, 377
-670, 39, 517
-670, 39, 517
-764, -63, 631
-797, -166, 671
-773, -376, 609
-779, -549, 622
-926, -684, 623
-1109, -808, 663
-1177, -905, 689
-,-,-
-801, 933, 369
-1008, 1015, 221
-1268, 960, 298
-1279, 792, 428
-867, 561, 350
-867, 561, 350
-627, 340, 303
-678, 106, 358
-606, -37, 541
-695, -178, 638
-811, -404, 671
-858, -601, 760
-987, -753, 878
-959, -857, 871
-877, -866, 782
-877, -866, 782
-893, -894, 647
-946, -873, 543
-1042, -850, 468
-,-,-
-977, 1002, 530
-889, 1146, 397
-1033, 1041, 238
-1055, 763, 88
-917, 528, 2
-695, 399, 195
-695, 399, 195
-740, 161, 519
-913, -197, 655
-933, -459, 687
-942, -690, 737
-920, -971, 848
-909, -1185, 912
-858, -1206, 929
-889, -1202, 785
-,-,-
-1003, 867, 579
-807, 1045, 506
-729, 902, 29
-922, 556, -126
-942, 294, 186
-769, 144, 466
-769, 144, 466
-670, -171, 534
-784, -529, 599
-800, -657, 722
-877, -852, 756
-850, -1022, 796
-867, -1132, 814
-932, -1162, 758
-939, -1112, 634
-,-,-
-842, 804, 362
-824, 944, 193
-1008, 787, 105
-1175, 538, 67
-939, 347, 197
-660, 236, 327
-660, 236, 327
-700, 60, 424
-839, -147, 487
-920, -319, 563
-1032, -453, 601
-1077, -676, 678
-1046, -806, 771
-1024, -909, 764
-1013, -927, 643
-966, -901, 522
-,-,-
-874, 893, 347
-874, 893, 347
-1059, 792, 185
-1072, 469, 30
-903, 124, -39
-982, 19, 339
-828, 113, 530
-753, -16, 422
-833, -242, 395
-833, -242, 395
-820, -346, 627
-871, -423, 711
-889, -512, 683
-889, -542, 585
-948, -603, 544
-963, -672, 511
-,-,-
-739, 1044, 604
-655, 934, 508
-1109, 614, 361
-1374, 388, 155
-1374, 388, 155
-912, 475, 45
-679, 441, 278
-804, 118, 374
-922, -335, 446
-1000, -689, 701
-829, -936, 814
-611, -1122, 932
-728, -1262, 863
-951, -1311, 690
-920, -1273, 501
-790, -1153, 421
-803, -981, 437
-875, -824, 416
-,-,-
-1077, 939, 501
-919, 1135, 345
-842, 1111, 269
-1021, 815, 103
-940, 547, -13
-724, 402, 212
-653, 128, 594
-683, -164, 776
-846, -344, 883
-1025, -593, 904
-959, -862, 893
-959, -862, 893
-931, -1136, 872
-1004, -1246, 844
-1066, -1203, 741
-1010, -1101, 548
-,-,-
-634, 1136, 357
-694, 1119, 27
-1098, 737, -202
-1191, 429, -202
-1069, 238, 88
-944, -95, 496
-1008, -525, 817
-963, -525, 1024
-963, -700, 1024
-,-,-
-1180, 817, 443
-1282, 962, 466
-905, 943, 361
-712, 800, 347
-774, 628, 394
-699, 455, 618
-696, 217, 723
-696, 217, 723
-695, 17, 836
-778, -287, 762
-710, -554, 764
-714, -825, 827
-765, -1187, 890
-802, -1429, 849
-789, -1476, 802
-,-,-
-888, 844, 542
-888, 844, 542
-1041, 961, 336
-1291, 955, 342
-976, 967, 205
-698, 792, 158
-635, 569, 226
-673, 325, 503
-652, 166, 713
-652, 166, 713
-722, -108, 745
-795, -287, 783
-856, -558, 794
-939, -793, 783
-889, -918, 866
-,-,-
-1034, 937, 657
-1099, 1024, 565
-1068, 946, 371
-1062, 770, 129
-1062, 770, 129
-919, 695, 171
-653, 650, 344
-521, 451, 468
-658, 131, 600
-800, -133, 808
-861, -427, 857
-923, -729, 887
-911, -933, 962
-923, -1133, 981
-919, -1275, 963
-,-,-
-1026, 851, 313
-874, 919, 287
-874, 919, 287
-1096, 1037, 442
-1214, 961, 449
-982, 798, 355
-691, 716, 329
-550, 623, 377
-692, 481, 427
-708, 356, 623
-778, 130, 673
-778, 130, 673
-820, -234, 780
-732, -600, 965
-728, -1008, 1109
-865, -1323, 1107
-877, -1434, 1010
-,-,-
-1200, 1042, 435
-1083, 1243, 429
-966, 1246, 269
-897, 997, 157
-788, 738, 71
-730, 599, 228
-644, 375, 420
-644, 375, 420
-698, -65, 670
-627, -340, 887
-699, -639, 914
-774, -958, 851
-819, -1200, 773
-926, -1235, 757
-1013, -1212, 733
-,-,-
-1082, 1283, 302
-843, 1278, 211
-905, 1024, 104
-1077, 659, 43
-1077, 659, 43
-868, 362, 155
-734, 92, 524
-721, -206, 750
-776, -535, 900
-838, -729, 878
-846, -860, 779
-879, -1014, 750
-941, -1121, 768
-,-,-
-1211, 1174, 618
-1175, 1522, 596
-1011, 1610, 313
-1096, 1337, -16
-990, 1007, 100
-623, 683, 577
-336, 190, 959
-497, -505, 1051
-696, -948, 1055
-866, -1261, 956
-849, -1498, 869
-918, -1599, 772
-,-,-
-1087, 981, 606
-1152, 1137, 646
-847, 1270, 522
-983, 1227, 281
-980, 910, 218
-912, 538, 518
-438, 451, 1073
-525, 48, 921
-944, -497, 627
-769, -600, 537
-552, -691, 694
-552, -691, 694
-644, -1016, 754
-772, -1270, 900
-770, -1378, 778
-856, -1372, 674
-756, -1245, 507
-,-,-
-1106, 881, 503
-1052, 1061, 581
-1140, 1089, 545
-1162, 933, 765
-937, 752, 1009
-761, 469, 879
-761, 469, 879
-582, 287, 776
-352, -21, 441
-99, -437, 211
-117, -938, 305
-210, -1396, 538
-423, -1773, 1140
-,-,-
-1006, 887, 687
-1006, 887, 699
-824, 883, 699
-908, 889, 685
-1015, 713, 510
-824, 558, 510
-632, 297, 505
-504, -18, 550
-485, -369, 538
-538, -781, 664
-608, -1142, 688
-577, -1306, 639
-540, -1341, 757
-,-,-
-908, 860, 568
-939, 1052, 579
-1307, 984, 482
-900, 952, 600
-873, 779, 618
-806, 558, 592
-806, 558, 592
-808, 282, 542
-646, 89, 541
-549, -150, 392
-583, -469, 578
-646, -922, 649
-608, -1230, 770
-,-,-
-1081, 1104, 714
-981, 1038, 498
-981, 1038, 498
-952, 988, 457
-922, 866, 472
-682, 655, 473
-534, 292, 476
-450, -78, 623
-437, -482, 637
-428, -897, 612
-366, -1294, 571
-544, -1582, 838
-680, -1719, 1053
-650, -1654, 1080
-,-,-
-1047, 1202, 622
-1083, 1123, 441
-975, 1012, 314
-698, 845, 470
-698, 845, 470
-683, 565, 609
-773, 294, 570
-664, 76, 598
-483, -249, 586
-418, -665, 711
-439, -1034, 800
-538, -1295, 833
-645, -1398, 939
-712, -1429, 883
-706, -1381, 709
-,-,-
-801, 1064, 766
-1050, 993, 583
-1375, 838, 183
-921, 832, 447
-566, 734, 772
-843, 440, 565
-798, 145, 332
-798, 145, 332
-454, -132, 300
-524, -483, 508
-498, -922, 877
-526, -1252, 1041
-548, -1436, 916
-575, -1520, 846
-,-,-
-1203, 1040, 872
-942, 928, 637
-942, 928, 637
-911, 828, 448
-901, 681, 351
-683, 544, 485
-524, 239, 524
-486, -68, 579
-467, -387, 668
-491, -732, 754
-491, -732, 754
-484, -1009, 714
-559, -1144, 736
-685, -1255, 807
-,-,-
-1002, 923, 825
-1136, 964, 780
-922, 836, 610
-727, 637, 556
-713, 426, 534
-665, 346, 614
-628, 168, 526
-591, -150, 501
-545, -150, 626
-545, -440, 626
-557, -742, 832
-597, -1060, 1000
-585, -1297, 1007
-572, -1383, 955
-,-,-
-906, 1021, 710
-1091, 1020, 661
-957, 910, 505
-548, 686, 384
-548, 686, 384
-618, 451, 592
-603, 227, 864
-554, -98, 749
-543, -386, 639
-565, -681, 770
-501, -1032, 778
-,-,-
-1071, 902, 621
-932, 926, 592
-932, 926, 592
-915, 900, 517
-826, 829, 431
-815, 675, 393
-683, 526, 405
-591, 306, 519
-498, 87, 659
-535, -107, 825
-535, -107, 825
-681, -262, 892
-738, -431, 881
-791, -578, 847
-698, -752, 785
-632, -966, 843
-,-,-
-1118, 927, 868
-912, 940, 661
-832, 897, 380
-832, 897, 380
-812, 767, 251
-815, 585, 247
-645, 402, 495
-531, 210, 751
-640, -2, 809
-624, -155, 780
-624, -155, 780
-494, -413, 658
-462, -681, 713
-487, -933, 890
-553, -1166, 1037
-711, -1314, 1134
-,-,-
-901, 971, 602
-1178, 1104, 684
-1289, 1026, 459
-800, 892, 72
-614, 765, 67
-766, 545, 554
-595, 266, 896
-524, -74, 942
-476, -421, 802
-476, -421, 802
-492, -805, 661
-518, -1101, 770
-577, -1297, 957
-,-,-
-885, 807, 671
-996, 851, 629
-1084, 896, 533
-1111, 883, 404
-1111, 883, 404
-774, 812, 197
-626, 587, 255
-643, 332, 583
-735, 8, 835
-698, -257, 858
-567, -509, 712
-597, -706, 740
-612, -903, 799
-612, -903, 799
-696, -1168, 919
-692, -1350, 946
-,-,-
-1043, 811, 631
-882, 869, 604
-924, 812, 474
-1021, 627, 331
-1021, 627, 331
-890, 534, 297
-616, 413, 404
-527, 254, 575
-588, -10, 623
-627, -172, 606
-691, -329, 685
-565, -541, 762
-494, -768, 811
-674, -1036, 878
-808, -1209, 954
-840, -1285, 986
-,-,-
-1416, 935, 372
-1121, 1095, 476
-1121, 1095, 476
-966, 1076, 573
-1142, 808, 604
-1104, 646, 667
-785, 686, 652
-658, 505, 463
-533, 191, 426
-501, -214, 552
-429, -576, 918
-357, -1081, 1007
-319, -1510, 963
-,-,-
-1297, 1628, 363
-1436, 1462, 396
-1436, 1462, 396
-1224, 1185, 284
-885, 987, 344
-738, 719, 545
-653, 492, 577
-543, 329, 631
-509, 13, 746
-483, -302, 730
-452, -522, 799
-469, -760, 825
-551, -1044, 780
-630, -1157, 827
-,-,-
-1055, 1019, 491
-936, 906, 449
-1105, 751, 373
-1144, 679, 331
-910, 569, 356
-720, 494, 561
-578, 253, 625
-578, 253, 625
-504, -52, 566
-524, -319, 551
-584, -494, 679
-,-,-
-1235, 970, 509
-1080, 907, 358
-1069, 752, 320
-944, 752, 308
-944, 617, 308
-771, 467, 330
-657, 284, 491
-590, -20, 589
-612, -299, 686
-611, -551, 696
-597, -748, 746
-650, -929, 732
-674, -1027, 661
-725, -1087, 720
-,-,-
-978, 686, 360
-1011, 868, 409
-1268, 954, 470
-1299, 829, 392
-979, 716, 405
-760, 584, 487
-804, 348, 519
-669, 164, 591
-558, -171, 562
-558, -171, 562
-599, -436, 551
-740, -585, 709
-833, -704, 854
-840, -834, 799
-743, -1007, 770
-,-,-
-1141, 781, 344
-1141, 781, 344
-1091, 898, 215
-1003, 895, 150
-1146, 840, 313
-1074, 776, 499
-738, 620, 563
-535, 392, 561
-559, 134, 568
-789, -211, 662
-835, -459, 688
-750, -722, 761
-750, -722, 761
-737, -957, 872
-847, -1174, 874
-,-,-
-1125, 978, 566
-1171, 1143, 737
-1080, 1030, 625
-933, 860, 408
-933, 860, 408
-862, 630, 216
-791, 394, 303
-609, 183, 464
-532, -138, 672
-676, -512, 862
-854, -858, 831
-736, -1020, 806
-628, -1090, 775
-,-,-
-1059, 1048, 543
-1009, 1052, 532
-1139, 876, 510
-1022, 771, 450
-863, 625, 346
-714, 529, 411
-714, 529, 411
-559, 280, 466
-605, -93, 504
-613, -334, 704
-656, -566, 837
-753, -846, 930
-741, -993, 882
-760, -1118, 822
-,-,-
-1056, 796, 358
-1126, 987, 641
-1126, 987, 641
-1099, 985, 748
-1026, 807, 523
-835, 746, 419
-746, 598, 461
-686, 414, 639
-631, 168, 641
-534, -72, 574
-522, -276, 611
-750, -539, 613
-750, -539, 613
-857, -886, 601
-763, -1125, 603
-737, -1365, 607
-892, -1495, 806
-,-,-
-1002, 1168, 668
-961, 1162, 683
-1004, 909, 355
-1004, 909, 355
-885, 553, 336
-661, 349, 495
-484, 44, 604
-366, -285, 614
-501, -613, 576
-670, -971, 597
-,-,-
-972, 1029, 692
-978, 1124, 645
-1107, 1062, 553
-1018, 904, 515
-751, 824, 493
-615, 763, 506
-584, 545, 425
-682, 364, 486
-682, 364, 486
-682, 185, 573
-671, -85, 659
-697, -395, 745
-814, -680, 736
-761, -901, 786
-757, -1133, 853
-917, -1298, 826
-1047, -1242, 893
-,-,-
-1152, 1243, 260
-1051, 1474, 523
-853, 1172, 556
-923, 881, 610
-887, 712, 715
-603, 551, 642
-531, 287, 631
-635, 43, 617
-635, 43, 617
-602, -218, 677
-551, -524, 831
-548, -870, 1023
-588, -1118, 1088
-560, -1299, 1020
-529, -1329, 929
-,-,-
-774, 1281, 524
-858, 1070, 684
-1031, 782, 662
-978, 621, 551
-978, 621, 551
-637, 567, 414
-546, 447, 361
-635, 222, 467
-605, -78, 678
-544, -406, 930
-603, -808, 975
-675, -1064, 844
-592, -1203, 749
-,-,-
-981, 886, 541
-1104, 948, 683
-1007, 970, 665
-804, 921, 639
-813, 777, 539
-762, 682, 410
-762, 682, 410
-625, 595, 390
-544, 466, 510
-536, 256, 676
-645, 13, 794
-787, -178, 820
-806, -449, 809
-787, -741, 857
-776, -950, 949
-776, -950, 949
-792, -1110, 1028
-854, -1188, 1023
-,-,-
-750, 939, 447
-790, 1010, 616
-915, 901, 528
-840, 738, 501
-764, 649, 461
-717, 490, 396
-724, 504, 450
-724, 504, 450
-714, 307, 518
-688, 103, 683
-672, -183, 817
-772, -563, 880
-762, -833, 909
-751, -1022, 941
-847, -1196, 1013
-908, -1217, 1111
-,-,-
-724, 970, 603
-724, 970, 603
-801, 946, 510
-1074, 838, 433
-936, 794, 317
-733, 690, 240
-636, 498, 279
-551, 295, 511
-547, 19, 776
-547, 19, 776
-721, -240, 950
-780, -469, 834
-713, -666, 752
-761, -861, 822
-927, -981, 934
-1032, -1037, 1026
-,-,-
-932, 893, 542
-883, 935, 423
-967, 889, 280
-967, 889, 280
-915, 710, 148
-830, 515, 469
-622, 298, 674
-678, -1, 773
-679, -124, 808
-632, -279, 747
-554, -568, 646
-554, -568, 646
-,-,-
-1015, 795, 582
-1061, 855, 551
-855, 840, 439
-667, 804, 406
-771, 613, 391
-781, 504, 554
-781, 504, 554
-747, 359, 666
-688, 156, 761
-639, -95, 846
-635, -414, 808
-721, -705, 865
-758, -920, 1009
-741, -1155, 939
-847, -1310, 977
-933, -1336, 991
-,-,-
-1055, 1125, 491
-753, 1191, 802
-834, 1042, 691
-1068, 777, 601
-835, 653, 425
-535, 557, 420
-577, 189, 547
-577, 189, 547
-613, -214, 639
-674, -520, 818
-762, -761, 1001
-775, -1003, 963
-827, -1187, 838
-,-,-
-1051, 979, 442
-955, 1116, 591
-1001, 1006, 601
-1046, 837, 562
-958, 758, 520
-836, 668, 478
-836, 668, 478
-568, 612, 505
-524, 326, 534
-556, -64, 571
-552, -397, 703
-626, -671, 938
-668, -990, 965
-722, -1296, 858
-742, -1377, 890
-,-,-
-1019, 884, 467
-1044, 1016, 841
-1074, 940, 875
-900, 848, 701
-787, 671, 360
-737, 475, 324
-701, 285, 485
-701, 285, 485
-700, 43, 660
-651, -126, 730
-663, -405, 702
-781, -685, 710
-839, -877, 880
-784, -1077, 882
-796, -1243, 972
-,-,-
-876, 908, 574
-864, 948, 518
-1132, 808, 483
-968, 758, 488
-968, 758, 488
-794, 624, 505
-741, 487, 555
-742, 274, 556
-658, 86, 609
-620, -153, 654
-702, -448, 728
-729, -691, 799
-686, -885, 843
-718, -1000, 901
-,-,-
-1125, 1011, 385
-1172, 1121, 622
-960, 1091, 656
-897, 877, 444
-864, 754, 221
-873, 655, 290
-748, 566, 403
-771, 237, 602
-792, -55, 786
-708, -392, 810
-708, -392, 810
-721, -753, 850
-754, -1025, 878
-816, -1328, 904
-,-,-
-939, 942, 419
-939, 942, 419
-841, 1022, 412
-1227, 873, 309
-1104, 893, 266
-847, 770, 194
-728, 527, 303
-663, 248, 486
-647, -121, 645
-609, -494, 828
-617, -824, 853
-697, -824, 810
-697, -1090, 810
-707, -1241, 872
-,-,-
-653, 740, 422
-653, 740, 422
-1162, 757, 315
-1203, 752, 278
-829, 768, 213
-661, 714, 153
-779, 509, 317
-785, 296, 605
-817, -6, 691
-826, -349, 694
-826, -349, 694
-786, -695, 649
-783, -968, 702
-,-,-
-868, 674, 355
-1024, 947, 455
-1323, 957, 342
-1206, 899, 346
-965, 749, 266
-749, 578, 195
-749, 578, 195
-633, 343, 360
-657, 97, 512
-666, -167, 657
-739, -345, 774
-844, -531, 837
-926, -737, 810
-891, -937, 798
-818, -1067, 888
-766, -1232, 889
-,-,-
-1100, 1090, 490
-877, 1024, 557
-953, 809, 452
-953, 809, 452
-1132, 602, 359
-962, 568, 450
-660, 434, 388
-668, 41, 425
-661, -174, 656
-665, -484, 853
-739, -825, 866
-711, -1063, 824
-541, -1205, 782
-,-,-
-1052, 1121, 293
-1160, 1124, 546
-1270, 954, 621
-1153, 783, 563
-865, 715, 427
-668, 580, 265
-655, 364, 217
-655, 364, 217
-730, 149, 414
-782, -154, 628
-729, -463, 787
-732, -776, 911
-712, -1025, 943
-664, -1204, 989
-,-,-
-1196, 1073, 363
-1060, 1090, 391
-1153, 896, 373
-1091, 718, 275
-864, 594, 243
-674, 458, 361
-562, 226, 517
-562, 226, 517
-590, -137, 604
-696, -451, 593
-755, -666, 760
-729, -854, 954
-683, -1114, 994
-,-,-
-1115, 1076, 528
-979, 1108, 566
-850, 1002, 454
-808, 836, 290
-808, 836, 290
-888, 561, 370
-712, 414, 510
-612, 130, 645
-549, -213, 683
-618, -661, 671
-667, -1090, 825
-646, -1348, 1077
-746, -1548, 1138
-,-,-
-991, 1115, 302
-941, 1131, 491
-1012, 903, 474
-913, 777, 379
-913, 777, 299
-844, 609, 299
-665, 508, 433
-596, 263, 566
-675, -159, 609
-741, -503, 725
-823, -789, 872
-847, -1041, 977
-921, -1245, 962
-867, -1313, 936
-,-,-
-1086, 1073, 258
-1106, 1149, 467
-935, 982, 518
-858, 811, 434
-858, 811, 434
-882, 642, 294
-789, 542, 312
-671, 329, 514
-570, 25, 688
-665, -336, 744
-780, -674, 794
-870, -922, 786
-870, -922, 786
-873, -990, 771
-930, -1130, 744
-,-,-
-929, 1179, 158
-964, 1439, 389
-1091, 1506, 502
-1389, 1410, 449
-1154, 1162, 424
-672, 996, 589
-455, 607, 534
-298, -50, 418
-359, -889, 697
-397, -1510, 1064
-547, -1834, 1248
-694, -1825, 1210
-807, -1580, 1105
